239086312777318400
191016120415682560
615692908817023016
319197003546492930
678828191678332939
523949393020321823
666550517031501825
707053551708536923
724141188910940241
717248781497663558
724399011251093615
721326551479877665
725406234814972045
642629373605838849
726478587682619543
726600732681437216
674319639341432833
727188118624665651
726938586712113152
247512759976067073
726794556414230558
726775092771815425
726790165355298827
726775516706897972
672293972869382146
726697770156818463
670482667149459456
726654314445013084
725794688174522460
511368369476468757
417809136202547220
695064153886556170
656911011517038637
315616400964321281
678755901544464395
725148556301828186
100204279905669120
713890680396709959
466116043396481024
696053894714884106
695565911381246022
667643085429145620
704867582494244984
724754703849619519
725058910712627310
724376888218484797
695780824879988786
724123840023756843
724407315364577402
724567038772641863
724560264019705896
183669346998943744
724069450264871043
519238694163709991
308337191921385472
590618076333211650
531193102099152913
710219689581871154
717248781497663558
704867582494244984
231597578708320257
724082503870316615
557324799433637898
570652676438622209
721935955774275655
330383781963759637
216064289822343169
723635378908823553
365899362825535489
349166471483490305
377484274817040394
502598354367283202
511929274236928011
587097985716846604
724035189050834995
723636786055872642
723664535654760510
693511449108152441
723974080637829236
723836846928560189
724059028572864645
637346151170834444
130061145234079744
723850660818321428
423671322565148683
711400602977959939
723745845329133699
723813379436707852
660279152628203533
723830366195941449
723712509659316255
723719696897277972
723689211189919744
723725081133449358
723716406696476674
723710040908759120
723716763614969856
358439646482661387
659079014123569172
723719197707993180
723719573991587846
665955877312004144
336888857167659019
707645930517823528
713973396563689472
723595867134623824
723640231366230129
556737181931274241
722668514003124284
723639876242899066
418937540188438529
259786054918340608
723317833643065344
698022277429723218
410839107166666764
526928220369715211
176041177404014592
593824926742347812
663691833481887765
325710105150619649
662912418015346691
660653510748012545
513943627890819077
721713877343141928
720139832848023632
449193147495481354
722374058557177865
260457403538079744
269846244862590986
722861993521971245
261312204739969027
306165724332949505
722947976183677030
421383206244188170
723197286242320439
717827418999488544
620653026721398785
640307149783826439
555867798606315553
397611493547442177
521379952185180160
721238724163272805
599790953913647104
722148166094553200
722156060965732438
671134345825878019
462002874650722334
524993537515978774
582734529995997184
722075767252713503
721446118826836059
715680708055793714
319814875675361282
722085620763066498
619144171059544073
411164214766338058
695384804904009880
719667424156188832
665108605426597909
589366196680392735
469494030968029184
410924040618770452
721812676682186782
712220357263884288
719326025741238322
719127771531575307
719042849890369536
721213102724481075
719709212061597697
721651589982453760
634237525459861504
547121483231526918
720403399610335324
616173178938589231
476007620638146560
223237730581086209
390446555137572865
482341688933875713
720894433351958568
323232178865569795
506400988375154689
629063829631795209
720865348618027051
720786054767968286
720565873944821833
720566010226278420
378570314168270849
720599812684251247
720473718299689011
720662528006422648
720464867512811600
699260693433548890
718550956903759892
659190065792155658
327420025818578945
720348747820957788
376072521721577482
269732685717569537
161194889734782976
236544974668300288
548399741462118410
490571191401185283
719595499598118922
364201638430244865
556252553919201314
221286162902417409
400069810635145217
394520172200984577
720092698455048264
645328305343692801 =
210017300458242049
299364057365086208
719793963502141460
719815634547900438
719728538877689896
268154000031875072
719768805173231647
696499506673483787
719658337695694998
455304980530724884
508234343227850752
216064289822343169
719512786648039446
719436416525795329
568276060530278426
444658357484388352
658494424040603648
449939805858562049
418937540188438529
596728204987727883
199700715151687681
523163911537557504
577946424931516437
325525747953434624
438005478413303810
719305417485975683
659236204364955669
386666608761765889
674220839360790530
718961310989287466
282367330745450496
343860143005499413
664262601123037204
718114901935259648
718970386334744606
719063438009040978
579673965484834825
344306498652078082
361266805689548810
667190755466412052
661256054516219931
312675883842535425
371096860179300362
696547545614123018
538061452997820428
718610935761076224
229117067243028480
424443769333612544
408682306962849804
718505265808408586
718315814742392874
168123738833944576
284816473313247252
718620885648670790
509996989287628811
147773913206751233
718247240195637279
388794989645135872
718209070149926965
714445795834724373
635929973722578945
320914878724571136
407273934321483798
511368369476468757
717620616483569684
518335901995237378
678458339994370048 1
214561423982854146
363775783921123328
717823606461169745
406650159402057748
426015131093303296
718012685119389737
417513925245141004
717608625434132511
697263678705238076
717503936873103360
340289062218760192
703111903941230623
216343866318651393
714425823913967616
715288503218339851
699584930145107969
711923280747036703
700585064626520074
699995404653297675
700792825922453566
715621967331328021
716797727056330814
698755726717354025
715638401210122242
717245326297399397
717245680376348744
455070316872335361
717255647858524200
716526940445736973
717188973428080740
706341586581192715
717127844924358799
716508479657082891
716542961265016873
716928072661729301
495036615677181979
451223373117390860
712695832993988688
716515648334725193
685382895762014297
716881537789984898
716198586571948043
715998309776490498
716484483909550140
716523004447948880
715076057564446760
716259913084698742
716412343122264177
716412606876876803
716213782661169246
293180135153074187
716169004926107718
715908892391112724
716309041533681674
711005103267512340
716241562237010021
716355184191864924
716212430920876092
715954667842175036
645932316925100042
534512564613152799
716095922681020427
715788624603512912
704668888071143534
190698117367070720
426557234630098960
399769748335755264 2
437989425088167937
424962408617082880
250369676977242113
699298422745858048
715048698589216840
530419663998550048
217492291223420929
709396048015130685
540032094760337418
715193423811969072
714667854368079922
547104345318096916
714987154463260784
714541591657971832
314479311149334540
474387091271188480
362802692453564417
667873559963500545
714634905589645343
705928040085192745
714957445469962251
673927095755472938
126353854429265922
713259970904326205
600505896614887425
714209220245061641
714362197924380705
713407129809191005
714039051782717520
714289851192705057
713459666947932210
714295728070983721
713597400173903932
247235562317152256
664748647111721011
585981510251839512
713887515525906505
713624348115599410
711899848856567834
712901882716225536
712625136792109086
713609693024747600
712769920701562882
704694735218016317
712689837982875731
713135086161362985
419107069828792331
712870929704812604
712730914609954896
287021343449546763
711315370593484821
712368570142556240
712455433331146764
370305818244939786
503910250793926676
208064821055193090
529450087852670996
637465274144129034
712116812388761660
710775035266072599
711979337196372099
711719344467345518
640021196947324938
710854630929596436
710579665080811660
710638992554590268
710619091983007816 3
696104772880826448
706801679797846027
707414507575705620
709566340503175179
696851426923643010
708953885871439882
712894111966822501
707778834354798623
689357215542673440
710459357044932608
710544521733210184
710008212438646936
597640929205288961
709908164128014406
696084479155896410
706956650271211521
709909393847615579
673786276918329351
708852670089134171
709865914450837594
709294378006478869
682763371614830612
709348826661781586
541169812571815936
316728523446550528
709087577613008958
706150614002040855
707169839235727370
708581079375806464
659709079253549057
547804606349180928
617642935470522368
707908323202302012
576123972148527114
698841032279982090
585563940503683073
291738405648465921
707122530434940948
706754056923906108
700448481025982524
426845026388279306
706207363127836733
350826734989344781
705485476466917426
697470045340565524
706573031560052778
466076690163171328
705988632019861555
700986839309353031
705564656990814208
699733522801492069
561530003280363530
704474658187116574
584793960921432066
705485404270493751
705287433675210762
704011471129935893
436287150787395584 4
704428435837026449
705260701630857266
692247962591559720
704247128611881002
496393314862628876
694109651796754482
405781057003323393
702092385252933692
701384323714121728
256979354137919488
602694408059617287
297990793942138881
600631502572879884
173291813409390593
590696371867353098
602694408059617287
224346374580207617
271921431053467649
483643090179981332
642544801538899970
698974835249905774
622479702128328705
452038296848171008
702090516866531338
462091584389906432
546899321937854464
585613937660264497
701991363603857498
252269432070471681
332218069160296459
593189970890719239
423287959467589633
702030418391597098
511561492215234562
532323456021168140
703167390946689105
640484988822749194
327879167234408459
608054121509027902
435619335122321419
703152543986876446
197782347112906753
272204864539328512
214667394260402176
328627457999765514
301811451637661696
670031186743132191
547105124456071168
249619852694650880
638171509034319902
598997633553531036
572260379082752000
313787878218137621
700397718601728050
527577558238101526
376499984205479947
612684386294431754
393926820501913602
564131871143755776
261750752802766848
701184131471769631
613027578948878382 5
483321207786176542
700448481025982524
700447570505236561
701468574623072366
493079009119436800
700799805080862865
290492794223591424
231445806337622016
247111240843919360
336222988913475584
368009391779217419
588964015657582592
464850385593696278
701402695348518972
686386213887672322
701300227126329394
659908022637690883
700352893043343481
535513331872694272
477071434120953873
699354998181724251
701091789540556870
601892578022916129
700456994959785984
619517705955049502
331566949714886656
628131574445113344
703618536148566037
700949931598413835
503894316561858560
618770433851785228
699787339139907715
249334417388994561
701076599159914498
351917262745108484
690788473908494347
491013235613499392
568607099022737440
700893305432571924
515756957982785587
498615497827418114
699632535415816224
364953368214634496
700794387835256864
569598881055244294
313065009435377664
696146762305503262
360587379766984704
310446808419794955
699712432079372319
694649161760636998
513943627890819077
511665833681092625
334277679144763392
700796931479306271 6
478275450502774795
478170989361102858
697537570904473612
391648293484232707
623220213399289858
700521465900040252
650070009531596810
314465689412829184
668579826126553100
314465689412829184
699688981691891793
699637017616580728
515773136549969920
339527130268565505
699682159421685821
618628695476797471
694838496543768576
563139206151405569
699900903481802842
353335449986662402
570145549651542037
391888347271790592
441760697907675147
701898508587761834
569291772363145226
412381151349440512
649875297218461696
604465056096452654
591123955532824586
373946064308273154
433815973993381891
699923613884874812
641238364430925824
702507575350001705
408787059419906058
303724449805631489
702407478897279027
398337640643952651
637347774509350913
624760642326495234
434791435838029834
701498894147649557
416023404873908226
393940731926151168
270109088120045568
568855768409833472
548446145332903938
700009059264364696
702910451448807565
703838367577538571 7
703742265633275944
600236270492319745
698689514511532112
696850488645124126
703931842948104233
702405087279972402
696806256337485905
703883595772854314
450810391665311766
660152303755722752
702392070270091335
687105725037805588
698035543971463250
698027182764720178
271759742026645514
702393095706116117
702386450187943946
702335347325141023
529818688874872832
698364933745672212
677957924890345506
699602688257687553
529925547933827082
701923170449358878
687393041308450862
591703864290312248
696960907342774305
490643622035718146
696938829122240562
648406068887552001
557377796368760852
705026498989654127
699003014127550585
530952917180612648
699357245292413019
284425255651508236
703827402362716241
675786814836965376
699034224224763985
698998652357705739
278222210739601419
204317864990212096
498992609679638529
572812051404029963
539920980294893579
698658561642856488
697166258835292251
579551099011465236
213487396598054913
554425014955409419
175968283504279552
188657223721811969
165052757504425985
175943355501510656
699338636390432852
468565010478530561
298345722196000770
494652400188260352
149285137354326017
696898013351903333
373634291793657858
502360707187343360
649294583565647892 8
696761676925501490
177382676741881856
210237384682373130
413133367010394134
504359619716579338
693227142024003644
667218819025993749
697098140955967538
693926351601664041
689287428770496686
224712826755743744
693226638636482561
623296730825490446
690091381460303899
689710307790028803
689869070950203436
679192815405629441
448854677564686346
689262793026961408
688823789542179003
689281352213856256
601243391254331433
689391871558156293
689545672348663849
387449301795864577
659063917640941614
689206429487595607
655084351645548594
414123566888648706
688634010708213775
543101652031373322
533217143785783296
686445768566898718
688385916212871170
618120706831417345
688617390086291459
610534460206743568
687551297154842647
349661471573147650
687897996037324801
687780215002366016
385248708394090496
258666750265131011
483643306073522176
135843920885055489
377784291188539392
577334849715568660
687387302255001723
389944499750830081
557434278804324353
686668151101980673
393745570227027970
530529011567165459
271921431053467649
689139263299911756
561713282625568770
650062389223358473
210041104073097217
201432299521179648
640305462507470849
449251751409877013
684529378088058996 9
198684074645127168
659946179999563777
688502853085560847
497573835672125440
652594368997359646
428706184225095690
461232008010530816
299704352807845888
270614857953312768
684934668445024262
660313425561387009
685710973444816916
624469240971264001
461839637820997633
657698235619475485
510597445802262529
543660554280108043
591443264977109002
556516202638475304
428979473891721226
278882283228758026
683637459531071510
656450857591767040
575726309913919490
592109627500658698
683155642726351044
517510177814085642
571359006120083467
260325217094729729
485827745704574982
289526280137998336
190891599364882432
368744253666361344
250787786355900427
305447194842890240
122948975551578112
671044235453005873
410192271086977054
113117578037129216
426549933395410955
575876754791596034
595674158709342225
376438549945253910
670340843126652938
496936728347672587
675675239459323904
550348147340345357
680614755987095622 10
401816005082611715
649124200816181269
120649193487466497
305946252967673856
174300566128820224
640166666793385995
679951353380208669
680748879632662532
396358071279943690
296823889294655488
680541540715986944
606694934820421632
679809548256935966
659747658784571412
534959218529140736
666454148719443999
679854079698272302
688568208029909320
534111616212533258
280023888300212225
570383983746088975
680018410750476298
576224108040421396
667488464996007948
589004321937686541
447945615234564107
456927921345658915
484460105933520926
298263421357391873
325778913966161920
429347490664284170
638828459996610575
678721703723008043
223243346661998603
244546115863707649
508007373047332885
167793111379083264
318664049044881418
676874818007859216
663555517238607893
507735700553072640
662896586183016479
359038621019537418
174644021031862273
411547753198387200
577818349279510541
676470574926659609
676483022039810088
235373933132513282
322823541722578949
588933853222141952
421055037276553225
631543326692212774
274630837503393796
102097557399814144
543186096184360963
162929850158415872
199178978207072256
676440109272399916
146625454617526272
109244329737875456
414341688123850753 11
306055826987286528
644749425146855424
633485708387942401
428415797149564938
613630896628563968
678184433492164629
474565508163698698
676534141411655700
640071902613733396
575726414872051712
335393778061803521
652071943662731274
660718282919116822
631961920714571787
131554010590085120
673254998754197525
365851538884788226
382676645611438080
656967763033718826
672961188883202049
659870543238922243
606369239430856705
675449446254772262
675660121379962895
213035717507547149
675676005574377483
484433431778951191
497967761897684995
281980382369546241
486494184291958804
205194806052388864
423965498330316821
221594604858900480
571553833852076032
674128974582120458
314449103079866379
598821858137210885
664297289770336399
183368540756246528
674047536608313375
192762069504884736
237993147760640001
380387540089176072
199950236867624962
262961768425455617
439671391437062144
569011006517280778
458701866839310336
458464472642748416
537430273684406292
673161573170282506
440349611379654656
483670015028232222
168387593984147456
672966951689125909
528398746032013341
213502135025795072
469934767421259787
616755609705906216 12
651930452105494538
673337247956992010
437039850047143936
529066725816270851
615578183416283139
663012672970817537
344720993043873804
404405804473516043
362785671271677972
673208665750241330
568523976389951498
577288788309704705
571190082313256971
345956301114703874
525815581782441985
601491514471743518
673177373201530880
649804532301168640
491901020490825749
254099052810076161
299951345404739586
637580450914893834
653197690552975361
531095465861578764
289755486612488195
455743247046803456
181347239820656640
402343479398760449
604685885283368986
214455208976187392
624914238959386639
258767556821647368
681502061279576067
340026923608571906
622648241913069588
332992654101053442
591644547797221378
462394815619923968
660606838122872843
474141760302612480
440523316294582273
671967229944004629
242587074497216513
502192198616612865
671965091318464513
214637365224931328
671956782343782412
353507838754029568
394261608462942208
511155044536680448
592715340782239754
425762881951498260
489072737374044160
442288778179248128
294415734409527307
264554745098665994
659423581629054986
660655052238880768
651276145186045953
204148213521973248
615746509639516189
657317826276622338
329839470004273163
427430988398723072
201861320834940928
656390420049297409
289094767302672386
612847653776261123
163775619270705152
671682138789117952 13
523235997815668746
635212115589988353
270335168667975682
508073742987952129
168176573797761025
671688944542547978
679504854682566707
290916193500397568
666867375248769034
238102240357777426
616977327485616158
484827478959849482
671647063913529356
410199520778125313
315581710723186698
458672118046130187
670744331296178176
550439695654453269
353683405352861696
324066751841304578
669373530906951685
581534735919087725
255168425679126528
426859578051788801
670889532341616641
557049811141001218
612359711823495191
591976416090783753
467534121347055617
440396528360620034
632074843977809931
498958043023933451
221890595696672768
221806452707295242
605064120890425346
668234967935090689
420745089032126476
455120845375930379
332030280678506499
369957941006303233
496026803001884673
511049211093975060
662078580511080478
266270293394194433
326134652735717387
669186867584958475
669852595468238848
585276878743535626
167351465856335872
270617704765980683
265884565543845898
477533782962864129 14
290873921027178509
265539461490802695
370169662174134273
558001838666940426
396090514979684363
586115621289328641
410786424120410112
578234073957400596
447655716627415040
401982275467739146
298468690670780418
313150719563792385
299873215868698624
239462859312988170
342346139326087179
419323705056034817
385291993145671682
541691386626572288
209087496275886081
208797762332917760
393856896085393408
668722240057114625
517763801198886943
366635716769349632
517791584008273924
669702521240944640
460510897513693205
435143175854620672
526614774096723969
357180795737079819
669745145561743392
304758042166296578
474706272932069378
155496366825668609
549007190103425024
519649821183967244
478404141962493954
584310646896721931
668262687561613342
646192232260567040
300760569617580033
311128636331655168
161965042655428609
668630171397521429
619157488163356672
507351515359477781
239086312777318400
408139227977482240
600121753456476170
618305949484187678 15
520652886485762094
511555914386505728
623284197477449748
290558152397553664
474014776922734613
100551418015940608
473365060706762753
619676993683980309
537736161968521216
550839260325085184
459771030060400640
458260491786256386
319891234506407936
593162731381587998
583072789234319388
581529468019933203
308016686240628748
457974632297791488
543746149731926026
460908759296901131
439345231171813376
642812722379227186
499377009235984395
308319916564545536
405625037828259840
644240925001908224
519329261073465345
650058677348204579
341789186136735754
537911605363605504
567406677494726683
597202120818688053
289957050849427457
568222998646095872
494228445320970240
486232151088562206
418533329579540480
655565901051199509
513775032137154561
570166551110483969
467921881425772564
597535153593647117
430836534711681024
221038506263314434
500013774443380746
614764393585967115
498679270596542471
602625183844663316
248619101243572224
244895028688846848
459495757003882506
382295523828170752
191296039964114944
424268714586800149
363674665480355850
557324799433637898
583481273507381452 16
538534237058629632
450818250838900737
490038640303538186
418566739283017731
502931790927757334
276789179873230849
561337408927563776
132983170344812544
637426693547491338
336929740965543937
612547500057952257
326413563784724480
273698548867006464
336310195628277771
168225805732806656
551475375322955779
497011371683217408
504859272048541708
485681816993267713
611321567917375521
384026542755545089
299073763968811019
189551282414026753
602465634412134400
274403829036875776
291631853990051853
505806248264859648
128389898972561410
666796886035791890
222151364006903808
183736975377825795
585042443859263489
525211303699283968
456941975946526721
557590623193006094
474254104760418314
331450200268996619
263868284581969920
454143837007511562
418943525132959764
331450200268996619
603965409280000052
624853228928106517
200783161179766794
483271999146295298
395350045672865792
473855385229459456
667027568481927190 17
479232440968282113
243860707089711104
667146010899906601
502594596283351042
279347086695202816
570652676438622209
515366373984305153
85381170006609920
722010278069403680
535294649636487169
269871100593176577
486078855459766272
654079568734453780
389794658810724353
261177311473303552
637538537696395285
510467629845053450
579688382280761380
558660587819892759
571829406797135872
375395279488286740
458756396994002964
450552663688478720
383829311003820042
214516643949314048
514546956412911639
534462929290919947
666079079354859535
540005821887676449
532056550722895882
365869936444309504
504042727227523083
510890961853874213
614270252645220362
557711924369031169
254691755742461962
140395792874733568
622490004094058542
181452458097115136
627158116173086742
470245363639648256
450618185251553280
559906593743831056
189890356840628225
544213769807593473
557284205738983445
498814216141012992
207996061699145730
613473967738716163
381202165399814146
591204207478964224
242342310413598722
565743358446665729
291416306799083520
526390306434973706
587804830303518730
643505380508565504 18
364201589818523651
194534092056952842
144098833742168064
412013408989347850
359821235154190346
453507935385944064
554494609460428820
311773351557201920
285308412416360448
277238902236905474
553419119144206337
583979583293095976
595226192005693471
508229053858316311
426017194288218159
512116018059935745
586725195071619092
265634193076125706
481976671587532801
359126123965186048
481318862122647552
244300437723807745
666440561980604420
418866852563779595
520064058360332298
592928046219264002
324199254748954634
281976427073503233
562598020953276447
296447098298171393
593706182066044929
599320753225072672
405527071318605824
605107139060695041
395057247052627979
550980323022864384
212037247036424192
396031956845854720
632767993444564992
271859466536878084
146845903712550912
665802411192877076
170554628658823168
410230323540918292
421065768885813248
512466914686009346
355063446951297024
208459054274707457
665299590882525197
468635676129099776
389015996616278027
483707582096080897
265460302252998656
666374351674933258
533643359756222495
378002923944148992
666335893438726145
543563412282671124
624759021450166293
666203263548260372
199046561790033921 19
618027894492495872
475162350333329435
282546630895468545
498657039904538625
662230183452868610
665715932466774026
548615094955802644
629592070851526656
93891408099815424
559878708081590282
410637126464569345
325036128434389003
665706287123922956
255393851404058634
533377385924526080
207595750840860672
471087294762450944
483558754575712256
361157311974080513
432094099475005443
605870631002832896
561295822835154948
625762350128955419
315170632486879232
348173013415624735
475755305569878047
131960372482670593
299934244254515200
344132240411852803
348173013415624735
543154158274871327
263164561107058693
360200942236336129
271450255600386048
665145871574368269
398515303568375819
554728687048851486
398613785822232588
632863366767181855
304017182986338305
665052186044137472
545138951359430656
485383125451669505
585994557272096778
272895548934324225
575407545821298688
621105394181341184
292321973147533313
405008782490468355
285898267450146816 20
249662180079697921
331868132580917248
441591065326387202
439584756623998987
634840898651291670
659511677754015785
663691833481887765
405831965674176515
577396810772119552
427345466397687808
238458688841580544
529310257906843648
366294277665456148
313925529831211018
664542811059912715
413511805072310283
420826924278087681
292777673925591041
297214617548095489
490700732287156224
594547776168394772
574377209096044544
287589003845435392
433264423528955914
488039335229259778
346091439316271126
494342013290807296
664693298673483788
426062683687878658
629591282783879178
265312935105003521
166323120330768384
664328396720963605
189586814955159562
326436478911643659
273341808610639872
307621023149457418
614572223901990912
604606118848626689
471872394538123264
318945239194664960
433326605834780673
584641467079983104
663950056818343949
552157436765667338
630311663538798613
285280650398007296
265974379391877133
412739079600472076
663174219873648655
329772730167721984 21
191631258944536578
643745175855955978
630673194487119873
284135257337495554
180700552525643776
434113140033191946
252420012336218113
161875606856794112
647387949318537220
223643508521697280
366710813526065152
505728261616041995
194204452062887947
374731508646150144
326444262013140992
207854530983886848
643231563424989224
539892097713438730
624093714771607565
318090769267163136
234382500678467584
483948297178841089
133750903097393152
533848694399827968
401850353081122836
634165063757987881
408369731611918336
178572233051078656
455884827346993165
663535070362992660
621664367343173676
509850404146774026
107260801076719616
276745056642400256
551189160841445388
700458366891327497
314144579236528129
656911011517038637
188024274429149185
244906092566413322
700465939631702067
711389323500716113
306237169239064578
554373822594416640
551176161732984832
178367663456649218
546134982590988288
446741312075464714
505441302771531785
586029320569618471
534009553428283392
662118869128708107
496834208212320257
658870608553312256
590759067258060802
205516681123069952
599794422594666507
289755785016246273
424603690218029058
611925356902875157
414127399832125460
477360132712562698 22
247934328300896256
663859894155214888
645676190086201350
459462208750092308
350848260413325316
397775134313676801
433406802302861346
599111427843948564
272080015317794826
332100487308378113
622462839172628490
232028805231935488
152886982295552000
546800802296233985
229756183379050526
175028101812715520
311476649432449024
228708738729508866
298215473844191242
272913948443934722
431260171642077205
577282206079385610
662546400072171560
318831667525713930
386741905096179712
140609308541976576
481859139652550656
555399461590007818
527377087993217024
491672144116187147
588966991432253450
440939168315604992
226736420025401346
624786837491286036
338981478710902805
320614180527013891
549398576976101377
617145983188336670
506585872624255009
591016353935261726
384783569484251136
557383969180614687
634883086966063107
441253196132777985
522024375407345680
662941710560788480
302408380125937664
594571267068264463
180986799034859520
526074622127374336
461220800905871362
234378201495764992
558396987888631809
374691357178200064
468951371866177536
367301988402200577
662916418953805826
522673405988831242
620660138365157395 23
662148926610341898
627697189535088650
186286128603725824
617948427778654219
578125897018638357
450714215175421952
255408415298289664
660904793673564170
502915180531810305
442431641168904193
635304956684926996
509377124264574976
462361555988905995
572147800037392440
662231355840659466
260107948511068160
238929963892342784
460981977755942912
171280319486361601
240768462887190528
662380957415768109
581689300379238404
303104525596753922
230731145359130624
150785938128109568
180409498119307264
338400699140276226
240503483638349824
610129558058041354
402261637798559746
299690433871872001
591134394392117249
593601572945002516
353711982429601807
462280357937414144
607715248434315301
148511720803926016
590227947601002521
292304604085878784
605484332009914379
485177629981540370
662148549840207903 24
593097760627228722
519680366999765025
635598024772550661
564957943376904192
188628527451471872
594460864958955540
493058253702561793
455037977052053515
210591403225513994
473154428493496332
445477701512462346
624420156642426880
241802173623697409
537766882938191884
244389903977283584
332892869088247818
559522770342641664
531215264902152219
375431597576683520
513587052290506805
381379986608881665
370975283077054466
523020467485802507
306478153428369409
534353863940243457
480046390085419048
578580210706808853
623583114844962827
524963134302191626
258741132266176514
501236493658882059
433653638993412106
378201004057034752
459825508822286347
363333417842245633
369983971326558218
359718812741795841
546416851203129366
129980902821330944
333448440656691200
661732042719100968
313383763834830851
661716593650171927
606034745993723944
490709190298566656
261575253673639936
218382476588875776
239447429089329157
462009454595014656
90928128146280448
245303006910873601
345617293365215232
272782498902048770
432327798003335169
391774017306099714
456800726023143437
661489396679180288
325689787509899264
573165675464359949
627855692136710150
219011483185577984
299949200978739210
590018141954899968 25
639369222517948437
396881235810582539
351203135215108096
363127678657888257
647124686953512961
513874008849252352
224618884748148739
661449629027532817
445597916023750657
605445054269620240
181821968130113536
424910075770044416
343706918470287371
454761865445113858
203717227877236737
623969478669238273
582697491904987167
492382854714621963
385520179901366272
215936438292840449
181850016455852032
435373716784807936
510824323133734954
262926371263610883
661101536944062467
537823717691228170
176362311533985792
575106471335821312
525591985294278657
416698275983261696
661111461460049932
590109573679939627
345276044133269516
611748620500467732
479753283955851276
614667334140952578
510092624619765763
534212054031269902
477667587996647446
323491787140366347
529853070352580628
484869211940978708
446499510756048898
564438205932240936
412692464051159053
274611142339461121
460548345123831808
245688043879530496
490597899218976770
523911897733398589
479799875261693982
608721875312574474
460291556453384192
380490475880185869 26
345946537194422273
647511620607803433
657270734967799870
658849003299012608
660361811509510168
652733512536948736
401589209296666635
515106833057185793
450562012662202368
594622078091788313
341084226503966722
660641190605094924
325788992090013698
395104333152124953
604091688964849694
582613553861754910
553405788173893652
457958039220256819
660631163081326593
648286876804841485
133006610481152000
603535923216384040
660592644686217265
270553611405230080
316655559573110785
386231184847405057
332856262402506754
584871123204702209
220513668129882112
395919183411675137
612056890804928534
376446702497955840
471712294267781122
659639778618245130
640354737287593984
660542927847686155
514656216492933121
548907880930082836
392844111373402114
372062254587445248
543343252682702849
293512767997083650
244844580820877323
641061522831048735
216962442482286592
620543479298261012
151579166486167552
135915398636896257
315731100393799680
478307837232152587
631348160488538122
471862481518854175
561741308297740312
417475257604243456
304368868141563904
466190377590718465
349756821504000001 27
633993572068229120
454386269493919748
468974713478316035
600486376466546699
206800145759731712
636198946816917504
649123669297201155
582785714605785088
512788250188840980
304727790627061771
430319117627555850
623660165488705536
548884804930764821
626124834820325425
440380243136741377
100030245255528448
560260543064047636
205701766317080576
538396261636767747
527322306155118612
411293340416475137
519628492804063240
344320130236416001
641030634827153418
430801323395514368
430457239086694415
394240911871311882
389544861768089611
579607987618971670
353260353456701442
639972629507473418
620483478965977119
654892234000564262
518451073623654401
566640587009163270
503377556926627841
363846367929565186
606311773615947777
643749067524145152
443609605327552522
510416167492517899
485627107481878538
518556617608921089
657332615803699210
658787242130800690
132919768238784513
362369944999952396
374319559987036163
144502239753404416
520759902415618058
530897710103134208
659236204364955669
201762263990927360
408847403500830731
427218381083508757
321393754210566144
527580390538477568
655566568461303819 28
393108038774685697
436162012582641666
513325520054648833
593278986184818692
328134755717611521
658919585503772688
536196216577589248
640075090306007040
569719512098668605
474089722097041424
533434156735266857
590227123352895498
510613561962397708
603525740700368917
361970478518239232
581215434754359327
481762903913922571
360171547761180683
531886925078855682
658712150553919503
360612461642252289
401837116612411412
593702636360957982
169075303170310144
462322115014819863
352256374115401740
570315000166481944
522255802539442177
658567367181467650
274590703915499523
280426983513522176
527506170970112011
618685958736445463
622196666753351684
203041582230798336
438712000936148994
655716448819347479
580853944918474753
602923615406522371
275340735065227264
569539473730174997
602599682144993280
315106101068562432
268292446683791360
351466206743494656
645415410912460831 29
328055810364014592
633525068600836116
506545700683907076
539656664262115348
549052188106948610
395720859958116353
521056417155776523
186963682071281665
658176745362685962
613662412071239680
210366038456401920
251239126139928576
233397992957149195
620154436765089823
620154944921534474
284238382316519425
656733543833010176
656800964195516436
422626757917671424
633508447916261386
519315296029376543
177171660531695617
630516527233499154
327150949527322625
634819792926277633
460449636260380682
200161691474984963
603657383964573717
517951770102726656
615650799753625673
273887899076919296
633301388000100362
352589340544860160
517113931605606410
553901766052282388
298161327229239301
375416170154688524
508922314277257246
314912977369300992
657547250536284191
529699064032264198
608127153174740994
656269793787248656
513800175936864257
270602702235369473
247229878292840448
549022125747470347
530428280495669259 30
501094048480886794
593931521673396245
517104632900878346
610271147183046710
142399712920731649
614626008968069131
430962207841320971
591063356115255309
332589800228126721
645521556348338197
467601326151565313
657020629454684161
621008619814649886
492142609272143902
379063091834388480
656667700151713802
627606259188760643
371096477977542656
587121286652755981
190516247958519817
612815728210608147
609187755661983754
286288712621621260
438502761470885888
533899088652140544
387353130821746690
259731056993894401
448287859238109196
471155142683656192
461386234070040586
461850044862038017
462219438146584586
501920311005151243
543624202264248321
657013552959193109
298254849798307841
509199632987848707
267798050573910026
533536487913029634
279651675977809922
533220653189431297
254406711228629006
237299880807104513
587466620796928016
480708371415302144
656025461884715018
628558977369767937
656434171438301204
217587504696524801
468558374158598154
510821331864911875
244897027966631936
651635379635486731
421354009765478410
641752166507216916
535385058207465473
624319339197104146
296779926961520641
414686883306536960 31
340309887445893122
619836438263103488
656285372946579465
567954239813451777
641461315738533898
607604803798827009
502458903313907723
656113637525815301
566075913742057474
604252876096929802
611190982909624360
589650882744942602
318206338167734272
540968460709265408
538483763571851301
549230599563509767
655994821483429920
297404161291583498
527152467125993472
459153769750462468
368568207193145356
531179111943634984
398537852264382464
403757007489990657
618282669968719882
544107488669335562
157485433222201345
631481081685606400
294649536226394113
412273567712018442
290574645797584897
383765677233799178
420438294279618560
162952246076768257
241603451073724416
576987268745789452
307708217725550612
189441808026173440
584492213015281705
186639123707068416
263078132280590336
655609201145675776
265353373526654977
635361022009540610
432776302039138314
655567235724607537
279262062927151114
301075575869800459
434132272690757654
184810078065524736
624338837551972362
514634634223419412
627264905317449768
580510398680268801
217477952458194954
625832164025565184
655358348048465920
404156172317491215
651583130834305026 32
250318634038067210
601633423291056128
623743272615018496
237595572020707328
459905469440327681
444788660106428430
247829150814044161
633042715457617930
492664172111331329
340834256328851457
366636583396311061
591197836012683265
206297204506230785
302528661096235009
595219594264969229
654834984850423848
632494840898387968
438404967976534048
570502074136264735
654876069224120382
217391167354961920
456503590580912130
581528095182290949
605305695197462538
256768817093410817
628963725377798195
149296680469135360
700544604742615060
700858344138604607
575526925015973890
468020742668288005
552016530662096900
468970023910768641
624378966983180302
173997417790832640
594307972885119007
401383573610954753
146372561100472320
493891579874902016
423832606837047296
535989930955112449
524686255376695296
200065980611821569
696335781022924890
161456248116477952
699304133483692062
618885968451207208
672987178829086751
279832049861263371
696423130733740062
543253394429575169
694673162792861768
382267069296541699
696012700844556439
696368130519466005
451765789427761164
352258603366875146
332006765681967108
597294886601097217
286836725614116864
418224863254282242
198924370029182976
252365584044392449
418578715128233995
607510941122428929 33
409690103401938944
460987181880573954
415606485855240192
585320790493364234
653593730745630720
536513876293058571
327014465126006784
654374851116793889
616114691361472512
459033560402362399
579108379407024129
371409298284216352
569030865112268839
316792828334309377
257268533463875584
583532653962199052
200619657181265920
555906849120059414
608418575094382602
574477036446285824
295339049709862914
653719424989265950
654024358263652392
194517790990925824
626457694466736149
541402649233457172
653914223037906944
590373621768388634
480506655021465601
449237785040388107
266350804477280273
621435658724179993
643414996071612438
601726147121643541
315561275952463872
254939753177153537
213895755067293696
215926950403768320
234789972572504064
477163650298413067
248566881135493130
223026876799647745
644565082428276789
559891020028968960
608450608575414272
134723941485772800
593679872576978945
441284111261499394
546009105953849353
542436355524001794
451426209721483265
625379003930378262
217461745818533889
161871077079777280
481147591732756510
598317522479087666
302826262550806528
653476755017039903
434868423466549248
533911298392588298
613473581526941706
491012861976641546
468176976763682826
469240227362373637
538755188580679681
533899626609115162
652826551179673600
652852203106730004
653120641418919936
653049929459040266
652978922392387584
653061768284733486
475403659325210627
256492871803338753
651476639372410945 34
591026411356160012
549111424140443650
698392626138710057
561438465984692233
486856973963231246
289610082575056906
237091530941267969
228911242658447360
403316215139008514
389727172799234060
483427154080694276
528070180421763082
314054745063030785
500317672626585600
652624273143365662
447020791335223296
652869220799086622
652907386461224973
652934839363960853
281240342253010945
482886021512691742
527906365239328798
352480862056742912
550447014869991484
671043083982471208
399423517738795008
266086182650118144
671059747625107456
583321281047560193
323330739212910592
391633052473753606
292514905045729290
399304459433541634
300456608171819009
628221291429625876
603392756609450006
392472069310382080
651215361290534932
622632141875838995
651213982585192464
648303750867320855
622299336780546048
390468305158144000
418272273745575936
565210539001643028
651724843280236546
404273754555023363
276419441892392961
607712086017179658
616242667961188371 35
330238513356341248
489003014317670400
571869682542575656
598585728775094283
600484472366039071
607163215943827476
349183344413507585
563358460687810562
197915829696856065
589164267073175579
546746903904124948
615003395413114956
652123378790170624
441183995422834709
593460943585935372
551904205800079360
583853781955903489
398022816408141854
618166069105786891
395560116356907008
442684431132786688
277996449030209536
593843329268056084
240881959214120960
483401147391016967
363841184654819328
387696154357530624
176032879002779648
469272175216689152
316677862415532033
664075320898355203
396169013358755840
325134002161713152
362017352927150094
664074792776892436
131577827580444672
651987894332030978
651964325472501782
239763437075300352
290253069743161344
303669741560791041
548296302665138177
457719807324717066
595859690882203649
271013619225853952
664066173326983178
613582200096686111
282405761919877120
545665518028324885
488047174211469314
549653204431011888
540354331623555085
606875368791605248
576710850774040576
514819797700182016
367303692426149890
381247836341141507 36
405153807278932009
473011493030592522
578791901290037268
521495820814778388
144591704081563648
456184462594801674
145957195299684353
239137389585498112
239207033285509121
266017222789431296
626483200633470986
336986596215750656
534545895719436300
452901087473827862
666538309845123087
651624510260379653
513624501574041600
651617352965685277
483886358038052865
561989066917281794
616797111241146399
378627270698467328
294786227985711104
450105719577116673
495303021270532116
354429071997796364
168449576959868928
630129130733830174
176899294219993098
425519454349426690
337083115266768897
585762755215228929
637346151170834444
119935210736451584
447046440229928981
610953845551661069
352210089048014858
651403938473443349
651292391613136920
587275089150607361
651493240641683470
651481650559057930
237220393302097920
471274306467528704
349093297358372869
651233706316660776
413577719201267712
580158506699718686
650918024743747594
515222782888509457
150059156232077312
401958682323320862
370169138636783626
281741444711055360
455851812042309652
283922704992829443
139118021934448640
564575174436061195 37
361723640728911873
327966229769879555
527215548631613441
663516708224368641
580786204543549450
663516958209343493
666055507793936410
663517190523453478
577322342632521760
592459303688863746
536891474751782932
504415035221606411
663851464770322453
292439182335410177
663517288888008756
334545794751266818
663517052744499230
300595504549593088
663852116875542530
663517304818106413
663852911939289110
663516591639494674
259704325754847232
663517361911103504
663852119606034518
663516928127533090
639594798658879531
663517518496923678
663517353732079618
490589507993993216
416637402073792512
662889602079522837
582138909211885569
526252900624760856
411287567099625472
536769389983432715
532418665857941504
434548429306462221
599780586579689472
395574322204246016
252231844442013696
519502198628155394
651229193421455388
651066373589434396
597429546001760256
651227353976143892
431342180141891597
396486932806500354
199459605816803328
202635046593495040
378046518713778187
651158168377753606
651101719400415232
406497521163042816
437538568634892289 38
464590462431395842
386568626477465605
415684813773864960
591234724542939159
433373222042337281
531098896110190593
444851260198354944
370391144057667585
557559462873923584
559821058283405313
143431445539454977
534662002879234057
329351213424574474
604408938871390209
366449788641869827
323696247581966337
485625272499044364
637375032045076490
475066515788529676
391248919641718785
588304781370589194
490554601356001295
618860550604193807
280205464556273665
521728270631305218
647522541249757184
521298047959826432
319929428224245770
218524766007590912
268489281931051008
485260957325590528
649269270156541952
113001773785976832
642102135349051447
112990645706035200
588365965457227777
537385304726962186
311325029029642241
358381903361081344
424554996378370049
351557873894948867
421863209171943444
499660008506523649
481209667398139904
183025047701684224
449310797479542784
309808118353887232
324245101901774859
465991040479002635
452620076374556674
621291899017232384
624894016227639296
567466436772233224
251901636555833344
491686591392251905
333679122695979008
548879876069916694
212056389671976961
328428099580592130
368930747353923587
337319107924066304
467424465756749835 39
657474785575567390
626960005396037632
659265946489323521
657475998727536680
281426770673270784
586973108041416704
667930868853112854
498599960703402025
401525105731305474
482956487618985984
161233974474047488
668037386529275904
562664994022621184
600753555942539358
478372523084480532
343916098527428618
649370241805189141
622716904003469322
432608017586847775
668017038299496451
555815807347720235
574847700047101962
245779783823130624
469027084937986049
200122905898516481
482162813641555979
118036900849123330
547871905819131915
285577783076454400
327916307674562560
193719583453085697
549321783640064106
254070540644515840
551256883948814338
163815658138632192
476692547918495745
413703697185505280
130456083176095744
406271351276568577
304130645297463296
402409839394947072
523459087128592393
620002516310163511
533750368056901652
333827083102978060
381909588607369217
474738086203621396
604283474597249046
649669893557583892
315875733669150721
645346529653030913
634933102392639507
125510997237694464
145682061477281792
649623167673040896
347008939965022220
461694258403868703
580147405928792074
393859216512647171
335131708645048330
648055890569592832 40
605595080085995540
649373691666235432
496787498903535638
631070058629562369
480106485146320912
457673969395433493
550942868047659018
451884726618423351
621638703055634432
252127249921343498
638026644262748190
649249375176097802
649076807164755989
649045358583873575
541993159979171841
441442973482352652
157681640410316800
649140955500380160
474785590370500620
576852661572206602
513313401540444180
324733815161487371
606692847357263903
310472596686897152
450164926619844618
533460688945938462
649028217608601634
642238875388870656
175027632318971904
617428651172036609
648722600134049822
327612924304818176
248529957427347456
523434379771379722
230896301770932234
259786054918340608
462610118337495050
632452933216370688
430462691753328640
396372589670563841
265921635058581504
200574988019957760
359049360300048385
491685565117366282
401547958451044363
218707144776744960
591560753551769601
642816678073335819
629852676737335338
648097850831536179 41
648033982847647744
393384744504524800
648564677605064724
546052795330068490
581305290759077898
350818763223859200
382234710648160256
596920638233640967
357402819818553344
584851187841630220
648245829244813312
568560760402477076
305797287043399680
648242137242009629
428353000113831936
377934157789003787
377933576693481513
458384625442750488
630098999570858014
444118441624862746
648149626968604674
648029621958213634
475417822026268682
647717695009194003
648036097883897866
648013959743537177
232308120943067137
647469722648051713
279471464275509250
647825956584816650
325688874544136192
628013720643043348
647867769462718481
640162021999902720
370251411386138635
262841305908903938
586463256097325056
303588744332574730
596145441423491101
647725539498524672
484649673269968917
537683804249391142
646419198309826560
587353381597872148
476503433499639808
464456614561316874
584479167941312512
445284892029222914
503434634261168149
642902753118650368
414327451456372736
632905810774589450
277270265107316740
647189511440433203
368842402523381761
357621031684276224
591026018882420762 42
647309138468012038
304067270655737856
518265749459173386
647315554385920020
548306790107054081
647251932423127055
580628315799289867
609034477066256394
537340407713890339
647224268383453190
400301595616739338
221129146535903232
353746482358255628
647188006570033156
647180669566320661
400314899886243840
486595593284616195
646769125397626882
436984097211023370
155315765266874370
435847872341082112
126746349973667841
324653100139020328
647021276292186123
646817244805988370
321134478393344000
646690329797591040
509996989287628811
491611782704529429
622110552260608052
335584910242873344
646785467618033697
223552456582234115
399671197681319946
407808852055293952
509054100080558085
140698659015622656
401433485027573760
399237038605467668
646778075564212264
362650487683678209
325710105150619649
646779330050916364
646578179972136987
204722644661043200
510559123918684161
646649648123215872
212066702718926849
516600733035003914
351160391516028928
202074565604540416
646577558355312661
646446680618696755
646537756453109760
468684415531483147
665470606065795084
562781377909620756 43
563268007091240970
588835045851136010
588664183772676096
633752074500309020
479499245616103444
646539743374475274
392977937801936896
589275669092106240
495595016010334218
198993074112823297
229366458885472257
477641107900071966
606216365396852737
326326857337143306
527723405642956820
435743020974080010
699772302514192423
532227232731627550
388823076592156674
447718226827411474
699749938485002251
646437983246876697
634786822022496271
622277259725766657
632349509216763924
260694546835308544
423282598328926218
578994855187972098
301399893371781122
231808039542325248
209239929190875136
598356014202486824
646332383754453021
472456850395103244
592358767778070568
457946237178478593
486385744252764171
184990268091531273
580176060008890378
205864903636942850
299993468724445186
410149454885158913
185035582064427008
612769946539130891
514553902633320460
475724312897126400
401970374171951127
338075375462645780
580434171705556998
560991693294272548
576570786966405121
477480521178415110
272492499145064448
634631776404242432
384859054641774604
455050639198912522
417844258675097603
277485727703629825 44
328224246365159424
368989948235481090
262761727433768960
231542790721503232
592140298054795292
135372594953060352
542416452578181120
342875162892566548
230467695710175242
622885389849591865
266243402687971329
269685462879305730
571326385356800000
701627225333825536
565201349126651936
414099970409365506
462958370169683969
448755933938712607
568706907578302464
349697949057679361
400431361250295808
100204279905669120
426131807889522708
200546729777561600
386187489993293844
541375067976761364
584266010673283101
227441130638278667
645442932240941088
232027218388189195
582274731961483284
643552095148179487
645156075980587010
437024444439855119
455164216857591818
477608955992866847
305084634914357258
263662040239833089
421832263135920128
572566534552289291
405775056438951958
271028452537270272
598757943005020180
356190977863712769
201914559290671104
626553279660294186
592578035450904576
502920825666797572
446225875013337089
587281966530035712
544325760991625256
511723373559283713
305793012213219328
308522504010465301
259269256007385089
527358668241633281
502585041000464384
433438926661746689
473336255124471829
154985597977624576
316535509314961408
131920265813688321
582865381702762496
293042103120822272
306863612985606145
485705281477541888 45
403224419222290432
442657878533341185
325956734101487617
644808201522511903
644856016361488394
599089942001483776
487042831744106496
178617461015445504
574606978610102272
189265458300583937
425856600075403274
303928517652119553
217339058177703936
218266505471721472
396904334249689099
644728148335919135
321681477240619009
246076061475930113
427731775423381514
229736623825354754
302555251079380992
479200770475032576
393166378703650826
311292877919617025
346821018733510686
502648829879779359
225565384546189315
521895439948316703
644815747817930752
211218222073118720
227462661019926529
604729085519724556
479120025496715264
396067347359858699
565002051931865110
515666670770192385
119584558076264448
284430050617589762
284424327225671680
391655500808192011
347479772533751810
203306929584472064
644402229205270548
352633516888031234
644393981978869767
203307786594025472
616742475389730834
635315425147879434
427527899508244501
476600338955239424
374727440481910799
326582214215335936
644371260096380928
580103659853971476
613652512032948245
598632772122312741
592443218361057300
131907206302924800 46
542795661565886494
614773522669240331
670370525813538885
485095263896076299
618176279488889016
492593271642652672
199890007744315393
521005611618664495
327567791085453313
641295602088673285
644194387013664770
575415406748106762
285814945168490506
313218965285634049
478512154366967829
428700607331958794
595317181391175680
274566432111591435
428038499959177216
171095489037467649
177978520075501568
380752627757088768
329205872679059456
282957064479703041
151066923956830208
376865962315612171
349909238618783744
299824290029633536
179018299403796482
497309337769738242
644053978568589312
640120230332334080
644047326968545282
149316503806672905
443608076877037569
644017286973489182
483213594109018113
604984269571358740
322585700899749910
219183981478805504
187629659985281024
295336815135686656
643857231032483850
347234608590356481
179450623274516480 47
557713877081522222
283726573197066242
498251171476144128
592728066195980310
482697548927336468
447890426192592896
604616978761515008
578252846341029891
441519242471538700
317930217597566977
294330343249412097
350085007982723073
580671471693725696
403372020206796800
585307671599513621
397527943389249546
386826178432073729
477222690004926465
170333054152212482
138720235585798145
272405762305818626
574683743030345738
564918884021436426
582275800745771061
541119112886353922
399548811317608449
302528224259211265
542653499759132674
224008707514564608
637803055882043422
466051762776965130
171150008031248384
490137626414809098
289540129112981507
453948146188419094
588102314980802562
494897521328521218
353979687241908227
590641151938265194
510765227630133248
531886605930070016
565091086125760532
478244165780766721
642741460029931521
496504673310736394
642621494480076801
642608097612922880 48
642425148556705794
642601074729025548
642835311327707156
258017310705451019
328262883437838336
235148477217112065
642601074729025548
642588987629764609
606895349134655488
621544316354953216
511033343207276574
602044223197544463
194229023533039616
597065902801813512
193638983501217792
209504769381761026
476736782139129873
568282597210456089
184174699050172416
239755791077343235
277772796791095298
589443383395745843
294732386543861760
476783109220597787
265937134710423553
278890797624197120
437770633213116417
207502340700241923
590982793140371485
533769285332631555
488481999107915796
275416842326114305
295609202464915467
432733714888392726
556645650234605568
323139890583830530
412348929162608640
621442766345601037
621364732045295621
526004089394561064
141922494088085504
439187822877081602
521539357006364673
121018375748059136 49
533050595112779776
167575555586260992
320227262320607232
278586659766009857
421617325201031170
305798372550508555
620567129045073941
578009067189043202
531329723998011413
491444676386095105
449918081733623829
213769361943429121
188579204667801600
607601588516683796
623284703838994462
287269789301473280
642075914183770129
337285503294373888
642091685798477834
642099332581163019
641877272311234561
576223711972163584
523780501878865931
505995289920798720
591706456630231041
641926304182173696
522574887467089950
621664367343173676
444658357484388352
336742235427307521
463919671981375488
565959031194255361
576708423668727808
281474445355253760
314773332752859136
332781468587917322
641870602772283402
309853020479291392
350886678061252611
337519810852421634
561382483837321220
604332795912781824
624546073087574036
592564064194920449
242461620687732737
641716579763093513
213570655977865216
487488300223954975
562483874144190465
574971254935650304
434788304093839384
323318430965170177
616483938944155650
420702553022398484
641519852766494721
285105221909086208
609873535434883073
641415829262565395
624025004392316928
597316667265253386
290883521558478850
576545271958208527 50
583704276371636254
428186205210017802
315960047026962432
591138094422556681
433158642104008704
560368775556235264
641162710200877066
325156995109879831
270687003362852866
357267361868546059
641051433210216449
286580117722103809
260394743333257216
358436815243444225
579479763127762955
551604694053683211
263784309884846093
636258119856553984
367018562432270358
452773503104712705
408793532795715585
129386437127831552
346812353754693633
135378327723704321
228006448234233857
538201250488123402
419262614691119105
609173425612783616
367773293911998464
445288420445782017
546769543058423868
582209610841325568
433033773454458880
609121411558014996
628886585450037258
235869135593144321
405915182951563265
466647569422876672
478913494096543755
621171403424530433
295086911712788481
397813990459441162
289575946716053504
465300701925605382
601217189357551647
347423557346656259
582314238106796063
481041814602645504
271368810089414668
535112342078357560
381528036023205898
267424147536216066 51
640412113549918209
359035118922235904
318154679416651776
640347619729735718
265857532654911489
638035354884243487
418526805754904576
638803560687206431
640291913857105931
619869474853617678
350256256826474498
640048500595228694
447034658283192329
212788180645052416
638401208079613956
639803949901414410
637648108708298781
638465587311280132
637393048602673172
636605557435793431
638088021941682206
636673920245956628
636357516317556769
637506583336714250
636952367996338177
636602402685845508
637795728135159822
638567758753300510
637077915380613170
637809910532538368
637515970826731532
637309478496370718
189934268489793536
637649340134981692
555661687580131328
638400519227834378 52
638681642478600202
636947021332480030
637848499198885910
637882082454011940
638070059041816591
638296446516461568
638470165532508160
638254993434083329
638494320047030272
637718893779091472
638478081539047447
638503454482104350
638493714485870593
638549363601178634
628019210273947658
638517373229334549
638915712944963600
176084732172304385
343721552266657794
607850042438582302
621831757926236250
638795810347286528
638848064395804696
638516242101305365
638819158783688705
286318558231789569
549404168868331534
276486420166868992
633355371452563486
551062563962617869
640137411984359424
269585179729723394
271327691368693761
491041164661620736
185939963412611072
536404750405730315
600502448615849994
527023175792590848
626882940101591061
640763930343636992
640137184652820491
640083257546768394
639297316263821312
640120933943869470
640805967830843412
483874458919108618
399705695353831424
232659653010522112
496030352964583424
547515619449503765
640766452827291670
558015946900373519
162960420515217408
399162278479527947
692833449068855296 53
333239662653079554
697906332652535890
699476551581827212
693227741474193420
560663038009540638
699433803579654164
699219928678662195
293017859305504769
504337287027621889
540228566810624010
699434168983224401
667911065429999626
287591733129379841
699182131645120513
409467267248816133
540934554244874250
477189937566056472
339010471078395905
698990304417546281
698054908229713930
543484816029515777
698248272040427541
613556411678326795
551820947502530600
673243727157919784
482710877125214211
698902211123740682
698270788041834507
697934860953845782
698873461376024597
698759704511512596
355994371436445697
473686652225847307
657695658920247306
613887159417569280
449503765783904257
473698928651534346
574625514728456214
631656167336312832
696754801979031572
690622717258498049
698129599250301128
696906999912333382
605681189898158090
698131692422168657
678084942927757322
280481002592272394
694937400706859030
463373006664892427
615058551399776257
683113234110349326
697942701684818011
501509869757661186
697913991904755862
412637422296367105
690910186759651369
697832174610808913
698023161060655125
401779186206769162
697904601357353173
425332351623495681
697905296429023292
697528766616043521
697338921683517490
246328992976601090
641155212354256897
279716611295019020
343390554488569867
447938853261672448
337532865778679808
625777652204175381
704637341540810772
324272245705015297
469178687267405825
374305673665708032
700912173668499459
389612057382879234
445313941522874370
204386624828604417
693920204941426808
693900262015893535
507012023708811274
582606621381885954
452479260322430981
385231458379366440
372918793661317133
385231458379366440
113794481546985480
247919943365033985
267746901175173121
326913103893757953
